P 0
12.689730   12.625847
12.625359   12.280588
12.280100   12.071384
12.070896   11.892415
11.854378   11.650538
11.542766   11.338927
11.169223   10.986840
10.986353   10.805921
10.368007   10.195377
10.194889   10.044692
10.044204   9.943747
9.943260   9.793550
9.793062   9.592149
9.591661   9.371241
8.853352   8.530525
8.357895   8.198920
8.198432   7.999957
7.999469   7.857074
7.856586   7.712728
7.712241   7.595691
7.595204   7.375271
7.374784   7.245068
7.244580   7.076339
7.075852   6.873475
6.515537   6.310722
6.310234   6.050314
5.657265   5.469518
5.469030   5.317857
5.317370   5.168635
5.168147   5.001369
5.000882   4.812160
4.499085   4.251845
3.650567   3.445264
3.388696   3.184369
3.183881   3.030270
3.029782   2.808387
2.706468   2.474832
2.402659   2.206622
2.206134   2.020825
2.020338   1.858436
1.857949   1.618023
1.617535   1.447344
1.446856   1.286905
1.286418   1.103060
1.046979   0.755362
0.525189   0.354510
0.354022   0.071670
0.065331   -0.139484
-0.263836   -0.493521
-0.581299   -0.772947
-0.773435   -0.935824
-1.025064   -1.229879
-1.235243   -1.438108
-1.652188   -1.857003
-2.119849   -2.297843
-2.298330   -2.474861
-2.475349   -2.766478
-2.861083   -3.088818
-3.089306   -3.289244
