P 0
11.917773   11.667118
11.666631   11.513995
11.513507   11.346242
11.345754   11.150205
10.634754   10.350939
10.350451   10.230001
10.229513   9.915951
9.915463   9.775994
9.775507   9.624821
9.624334   9.503395
9.502908   9.260056
9.246402   9.075722
9.075235   8.887976
8.854815   8.662191
8.661704   8.445185
8.444698   8.332537
8.332049   8.184778
8.184290   8.034580
8.034093   7.877555
7.831228   7.324555
7.246043   7.067561
7.067074   6.933456
6.932969   6.738395
6.737907   6.565765
6.396549   6.192222
5.998623   5.761623
5.662141   5.424654
5.420265   5.214474
5.100851   4.895548
4.857511   4.587351
4.586863   4.335721
4.207468   4.003628
3.875375   3.711523
3.711036   3.600338
3.599851   3.449653
3.361387   3.116585
2.873733   2.667943
2.651363   2.406560
2.404122   2.141276
1.910128   1.706288
1.649233   1.444905
1.402967   1.202541
1.202054   0.987973
0.766578   0.561763
0.517874   0.170664
0.170177   -0.014644
-0.049755   -0.252620
-0.340885   -0.637379
-0.891935   -1.104552
-1.105040   -1.280595
-1.281083   -1.467855
-1.514669   -1.718021
-1.730700   -1.905281
-1.905768   -2.075960
-2.076447   -2.406102
-2.406589   -2.535818
-2.536306   -2.840602
