P 0
12.581958   12.363977
12.363489   12.180618
12.167939   11.897291
11.382328   11.198970
11.198482   10.842495
10.704488   10.499674
10.087605   9.937408
9.936920   9.787698
9.441463   9.135704
9.135216   8.971852
8.971364   8.657803
8.657315   8.229154
8.029216   7.870241
7.869753   7.459148
7.458660   7.198740
6.930530   6.727179
6.492129   6.287802
6.164425   5.872320
5.871833   5.679697
5.649950   5.489512
5.489024   5.267141
5.238370   4.992104
4.676104   4.418622
4.406919   4.192351
4.191863   4.004604
3.901221   3.696894
3.519388   3.314573
3.162424   2.870807
2.762060   2.589430
2.588943   2.370961
2.370474   2.216862
2.198819   1.988640
1.304461   1.117689
1.117202   0.873374
0.872887   0.709035
0.529578   0.263319
0.262831   -0.040002
-0.280904   -0.514490
-0.550089   -0.845120
-0.852922   -1.057250
-1.180139   -1.462003
-1.462490   -1.664379
-1.664867   -1.839447
-1.975991   -2.179343
-2.799151   -3.128318
-3.128806   -3.289244
