P 0
11.832433   11.567149
11.566661   11.394032
11.393544   11.134600
10.902964   10.667427
10.666939   10.505525
10.448470   10.261210
10.260723   10.110038
10.103698   9.560939
9.560451   9.438537
9.438050   9.263957
9.263469   9.063043
9.062556   8.811901
8.811414   8.462741
8.462253   8.302302
8.301815   7.973136
7.635191   7.432327
7.222636   6.962716
6.772043   6.613067
6.612580   6.386796
6.386308   6.134191
5.211549   5.007709
4.879456   4.641480
4.640993   4.490308
4.438129   4.164554
4.078727   3.799789
3.799301   3.493054
3.488178   3.283363
3.215091   2.928838
2.928350   2.771813
2.771326   2.612838
2.612350   2.362671
2.362183   2.221739
2.221251   2.088122
2.087634   1.836980
1.836492   1.649720
1.444905   1.261547
1.261060   1.077702
0.825097   0.616868
0.376455   0.163837
0.163350   0.008763
-0.395990   -0.643719
-0.762706   -0.979225
-1.072855   -1.278157
-1.439571   -1.715095
-1.758009   -2.019392
-2.184219   -2.465108
-2.825972   -3.009330
-3.009818   -3.238528
